CD	ID	FD	WD	ED
6	1	2	0	4
11	2	5	0	6
21	3	5	0	16
24	10	23	0	1
26	6	20	0	6
27	5	18	0	9
30	13	25	1	4
31	4	6	0	25
31	9	23	0	8
53	15	45	0	8
56	7	22	8	26
64	14	40	0	24
66	8	23	1	42
81	11	23	4	54
101	21	100	0	1
105	18	100	0	5
114	19	100	0	14
122	20	100	0	22
123	17	100	0	23
205	16	100	1	104
....................................................
....................................................
Missions: 20 [M: 6, P: 4, E: 10]
Rovers: 5[M: 0, P: 2, E: 3]
Avg Wait= 0.75, Avg Exec = 20.1
Auto-Promoted: 0%
