CD	ID	FD	WD	ED
19	3	5	0	14
27	2	5	14	8
28	10	23	4	1
40	13	25	11	4
47	9	23	17	7
60	5	18	29	13
75	15	45	23	7
127	8	23	52	52
128	21	100	27	1
141	18	100	36	5
160	17	100	41	19
182	19	100	60	22
217	20	100	90	27
513	16	100	117	296
736	11	23	490	223
808	4	6	738	64
823	6	20	788	15
961	7	22	801	138
1095	14	40	929	126
....................................................
....................................................
Missions: 19 [M: 0, P: 4, E: 15]
Rovers: 1[M: 0, P: 1, E: 0]
Avg Wait= 224.579, Avg Exec = 54.8421
Auto-Promoted: 100%
